0, 95, 2, 95
0, 190, 2, 190
0, 95, 2, 95
0, 190, 2, 190,
0, 95, 2, 95,
0, 190, 2, 190,
0, 285, 2, 285,
240, 285, 2, 229,
840, 380, 2, 210,
840, 475, 2, 305,
1440, 475, 2, 187,
2580, 570, 2, 46,
2580, 665, 2, 141,
2580, 760, 2, 236,
2580, 855, 2, 331,
2820, 855, 2, 284,
3300, 950, 2, 284,
3300, 1045, 2, 379,
3480, 1045, 2, 340,
3960, 1045, 2, 251,
4020, 1045, 2, 230,
4020, 1045, 2, 233,
4020, 1045, 2, 235,
3840, 1045, 2, 274,
3600, 1045, 2, 323,
3480, 1045, 2, 343,
3360, 1045, 2, 373,
2940, 1045, 2, 446,
2640, 1045, 2, 514,
2580, 1045, 2, 529,
2760, 1045, 2, 487,
3180, 1045, 2, 403,
3300, 1045, 2, 379,
3360, 1045, 2, 362,
3540, 1045, 2, 329,
3360, 1045, 2, 362,
2820, 1045, 2, 481,
2400, 1045, 2, 559,
2220, 1045, 2, 599,
2280, 1045, 2, 589,
2400, 1045, 2, 557,
2640, 1045, 2, 508,
2940, 1045, 2, 449,
3300, 1045, 2, 385,
3540, 1045, 2, 329,
3840, 1045, 2, 271,
4020, 1045, 2, 233,
4080, 1045, 2, 221,
4080, 1045, 2, 218,
4140, 1045, 2, 216,
4080, 1045, 2, 220,
4080, 1045, 2, 218,
4140, 1045, 2, 209,
4140, 1045, 2, 208,
4560, 1045, 2, 128,
4980, 1045, 2, 44)
4080, 1045, 2, 223,
4080, 1045, 2, 220,
4200, 1045, 2, 205,
4140, 1045, 2, 215,
4080, 1045, 2, 220,
